1 1433
6 1824
9 92
9 726
14 866
21 858
25 1999
27 1123
39 1033
41 1264
54 334
55 640
59 1643
70 379
71 427
71 1578
75 1499
80 371
85 762
86 889
103 1986
104 1559
115 1790
118 1312
119 133
119 638
132 667
134 1272
139 863
141 567
142 408
146 1743
149 1415
152 1357
157 1723
160 879
162 457
163 173
181 754
190 1136
194 1038
200 1952
201 655
203 589
206 389
213 535
214 234
219 888
229 1450
229 1794
238 1623
240 254
243 1121
251 1114
254 278
258 1571
264 923
265 439
275 316
280 1700
281 1823
287 1516
299 486
300 732
303 941
303 1511
306 836
310 604
311 1808
331 1932
339 1267
345 1025
346 1830
351 469
353 1401
368 563
386 1589
390 568
399 501
402 1931
406 1596
409 1567
411 1326
411 1791
415 1572
415 1780
423 1325
439 1420
440 1489
446 1563
447 1224
453 1527
471 533
478 1295
482 1641
495 1073
497 1197
506 1668
509 1852
511 1235
515 709
521 1776
545 801
556 1033
562 576
563 1363
573 932
576 1914
585 1199
586 1628
588 1206
594 1284
594 1556
604 1469
611 839
619 1087
627 1704
633 642
636 1955
642 1812
648 1658
652 801
672 1013
673 1425
676 1640
677 1221
720 1807
720 1946
724 1914
729 1307
732 1343
733 1576
757 1971
758 1781
764 1034
784 1605
799 1188
801 1244
803 1156
827 1625
831 1147
831 1164
844 1038
849 1917
853 1676
857 977
870 1492
872 1726
873 1455
910 1773
931 1311
933 1994
942 1272
952 1852
963 1229
967 1756
982 1784
983 1735
989 1852
994 1108
1015 1995
1028 1713
1039 1941
1050 1452
1055 1067
1087 1104
1093 1259
1094 1760
1099 1695
1122 1231
1127 1243
1136 1635
1164 1840
1188 1339
1221 1250
1237 1313
1262 1984
1269 1283
1342 1409
1344 1497
1353 1740
1359 1809
1360 1458
1367 1756
1417 1421
1421 1835
1448 1692
1454 1613
1493 1578
1495 1537
1513 1988
1521 1829
1576 1888
1578 1882
1602 1721
1605 1869
1633 1950
1667 1970
1676 1677
1683 1702
1833 1950