2 1 1
4 3 1
6 5 1
8 7 1
10 9 1
12 11 1
14 13 1
16 15 1
18 17 1
3 19 1
21 20 1
5 22 1
7 23 1
25 24 1
25 26 1
1 27 1
3 28 1
18 29 1
31 30 1
13 32 1
15 33 1
35 34 1
11 36 1
13 37 1
39 38 1
31 40 1
25 41 1
7 42 1
5 43 1
3 44 1
1 45 1
47 46 1
25 48 1
15 49 1
13 50 1
11 51 1
9 52 1
54 53 1
56 55 1
58 57 1
60 59 1
62 61 1
64 63 1
66 65 1
68 67 1
70 69 1
18 71 1
19 71 1
3 72 1
17 72 1
21 73 1
22 73 1
5 74 1
20 74 1
7 75 1
24 75 1
25 76 1
23 76 1
31 77 1
32 77 1
13 78 1
30 78 1
15 79 1
34 79 1
35 80 1
33 80 1
40 81 1
13 81 1
82 35 1
25 35 1
84 83 1
85 83 1
84 64 1
86 64 1
84 66 1
87 66 1
84 88 1
89 88 1
91 90 1
92 90 1
25 93 1
94 93 1
83 95 1
96 95 1
98 97 1
99 97 1
88 100 1
101 100 1
29 102 1
1 102 1
28 102 1
71 4 1
72 4 1
75 8 1
76 8 1
104 103 1
28 103 1
26 103 1
106 105 1
9 105 1
36 105 1
106 107 1
11 107 1
79 16 1
80 16 1
31 108 1
37 108 1
36 108 1
57 109 1
61 109 1
55 110 1
59 110 1
65 111 1
69 111 1
63 112 1
67 112 1
114 113 1
115 113 1
113 116 1
100 116 1
102 2 1
117 2 1
103 117 1
1 117 1
7 104 1
5 104 1
7 21 1
25 21 1
105 10 1
118 10 1
107 12 1
38 12 1
108 118 1
9 118 1
15 31 1
35 31 1
40 106 1
13 106 1
46 119 1
43 119 1
42 47 1
25 47 1
53 120 1
50 120 1
49 54 1
25 54 1
109 114 1
110 114 1
121 114 1
111 115 1
112 115 1
122 115 1
73 6 1
74 6 1
104 82 1
27 82 1
28 82 1
104 18 1
26 18 1
77 14 1
78 14 1
36 39 1
81 39 1
41 91 1
42 91 1
43 56 1
47 56 1
44 58 1
119 58 1
3 98 1
119 98 1
45 98 1
1 84 1
5 84 1
3 84 1
7 84 1
48 85 1
49 85 1
50 86 1
54 86 1
51 87 1
120 87 1
11 89 1
120 89 1
52 89 1
90 121 1
93 121 1
95 122 1
97 122 1
